1.35
1.32
1.18
1.21
1.32
1.32
1.37
1.35
1.40
1.39
1.37
1.30
1.01
1.01
1.22
1.31
1.81
1.87
1.92
1.63
1.41
1.55
1.75
1.65
1.67
1.60
1.77
1.53
1.40
1.17
1.05
1.04
1.19
1.15
1.04
1.25
1.04
0.81
0.78
0.76
0.74
0.80
0.92
1.01
1.15
1.11
1.16
1.20
1.16
2.07
1.99
1.77
1.68
1.53
1.52
1.93
2.28
2.36
2.06
1.98
1.85
2.10
2.31
2.24
1.99
1.77
1.75
1.44
1.26
1.20
1.08
1.06
1.05
0.89
0.90
1.08
1.06
1.36
1.21
1.30
1.61
1.72
1.64
1.49
1.38
1.61
1.63
1.41
1.39
1.56
1.51
1.40
1.76
1.74
1.51
1.47
1.37
1.28
1.31
1.37
